image: q1rescaled2.pgm
resolution: 0.2
origin: [-30.549770, -11.414917, 0.000000]
negate: 0
occupied_thresh: 0.65
free_thresh: 0.196
